10 100
-5455 89193 59948 -57830 -16464 -49786 -80395 -29258 21720 88847 -61117 66281 60229 1790 -2960 15833 -38816 37230 23633 -15202 -56023 -92679 -31587 -14193 60424 57029 1722 -75407 -16737 -20824 28444 5428 -93803 95071 34901 47404 61882 -41470 -2810 -71814 38152 38893 -90506 -74886 98383 -37176 -55800 -91614 -82461 -53802 47473 -12970 -66149 -79819 3083 10786 71178 -7551 61059 -19902 -82432 -33429 57481 -60661 -76690 -42478 -41635 23867 -13961 -94689 42869 -9676 45157 -98267 -76010 36825 -27846 -8275 2443 59945 -42609 -76869 38327 -46595 -82246 52801 -12776 97109 24842 68453 -53127 -35249 61841 -94908 46440 -57754 -2630 55996 -78458 97818 
53951 77811 -24664 40082 70998 -4958 -34942 -19583 45998 -11259 40087 68308 -54401 -71130 -58308 -39199 -96023 -26419 -33099 -12926 69143 -13478 -38777 -81537 -18155 36651 -84010 -99167 38352 52490 4372 -46059 81435 -71177 -45915 -62643 -16294 72210 29091 -77801 7671 96333 89491 95463 90876 68332 -85423 56200 -65568 -64663 -17069 -76478 -77833 -93895 -13731 15678 7763 -64786 -20698 78485 93692 406 -78690 -97645 52462 -35774 33251 85281 -25170 80372 89013 39380 -90569 -26081 -39811 -58554 12235 50165 -77332 -5849 73813 58163 13240 -7916 -34701 11804 -44416 99971 -43832 58079 58675 28570 10489 84733 -77621 -44758 -99396 12329 80125 -67934 
77893 87946 -84046 -75411 38532 21687 -77453 -88642 9902 68198 69776 -25343 -14532 41713 54464 69792 -92636 -20958 -27943 -41463 97049 94588 -70745 -75951 72482 66988 -73649 -11414 43065 23004 6359 -7498 -63949 30713 -40831 60112 -70463 -71425 20294 6817 -72546 -21563 -28563 60422 88340 -27055 -73650 99563 -24752 2689 -94140 80629 -60392 -11029 -63095 -39555 78992 -66835 29502 -12075 36806 -69460 -88557 -2428 77678 66179 293 -72358 -97020 -9078 75481 -51471 -40021 -77385 -4108 78956 57757 -31433 -91337 -66338 94103 -19669 -12769 49922 11765 -188 59383 68106 8491 -22218 -9638 13216 -52608 7750 90554 -58708 -8300 -10924 2408 64369 
25226 -29784 38764 69336 -92651 -39262 -38122 -53580 72813 -35863 -21515 46792 96119 -72604 24655 36027 1407 -63804 -97339 -46611 -75971 48863 -10866 58505 430 24777 -34081 -87923 -52293 -79778 67194 92 -70709 -39733 -12160 -6559 -94739 89510 82535 -65301 77719 -21268 75574 58850 19004 78448 -92976 -6003 66681 78967 -64095 94959 36263 61583 46297 17668 85410 -35165 -39831 -22506 -55416 32218 -50943 -21550 -43516 -59945 -34292 15612 49642 40258 -88838 99226 -80116 68574 -13900 38761 47759 63693 62095 -72225 -53198 58960 -12265 3656 -43013 55564 -91176 -29678 -55775 22909 -97452 93344 81607 -77410 -12297 -50745 -62192 40930 -9592 -31192 
49957 -34060 -84496 -69999 37597 -59197 81015 14215 49684 6440 47022 15583 14752 -12090 -73019 15922 -48373 9054 68366 -17212 31038 67447 -6715 -93904 77509 21956 -72063 -68592 67890 50942 -30219 -57364 98970 -34342 28351 -14515 96683 88851 4911 77912 -99515 -66518 3323 -4119 56171 66362 -17754 52998 -19983 23166 -87049 91519 -33648 67986 -13621 -72045 -66892 -77322 -61294 -56388 3795 -23517 -15162 78049 -52656 -14123 -95064 -1197 -77212 12284 -57388 59093 40929 6419 -9459 29318 70079 95820 44063 -94393 8978 82919 -24590 -87054 -95237 -33440 60203 -30439 -46205 -27526 -12660 -92294 -69637 -46593 -771 -25245 93955 84813 -41919 94813 
-868 -28397 20263 88975 9208 -34621 -95709 76256 -7544 10601 88694 -47589 -33026 -49847 90706 -25659 84960 47597 30359 80770 -27574 -29542 -5075 16883 69068 -86785 -18311 -89231 19319 -79834 -59494 -69868 -31703 62675 88524 -74923 -96603 -57786 37752 45590 -71935 61583 53554 -81257 57982 94754 -62050 92185 -90679 2866 93425 22223 29739 -8025 -16462 -25283 -71619 57430 -34967 99167 61902 -50173 1200 -4848 82162 15367 -98458 -6269 -16373 44041 51936 -23740 80181 -15370 -80056 -18249 89668 72927 -63483 64562 -27086 -77153 -9974 96569 33798 -42308 7077 73303 -43897 90405 1009 55531 60920 -80997 -533 -91796 -26093 -74855 95610 80416 
-3132 -13673 51498 5531 87866 -99412 75758 -66856 99913 95985 13659 -84887 73531 -55951 -86906 3706 53921 -36509 -73147 70087 -2825 38883 -96242 46707 -74056 72407 87056 -1244 10527 -50191 -87357 -83122 -98824 42189 3079 84934 48725 -37038 -22992 78070 -59906 14950 -70417 -46256 -18493 -52348 -89157 75941 -85182 -59241 -26371 87928 -75159 -60103 10152 -25695 78040 91657 -97926 74737 -48423 37415 -53548 5393 -99017 -88122 -31172 76090 -88804 -84387 103 -58788 -68574 5472 -17493 57662 -56579 -72199 -74404 63967 68331 -21068 65790 64905 40298 -6309 22065 -46916 -17585 3033 45089 -97877 62670 60304 35574 -65058 34164 -26565 12276 -38714 
53474 -56918 29427 25041 -18117 35928 73535 63771 73191 31475 -97162 73838 -82664 -59553 68064 36858 -1449 -92411 -66851 95074 27896 -49538 -40555 -51919 77069 -5439 -19637 54448 -83551 28700 -56967 -88291 -65786 -80389 45607 920 -48871 21705 -10198 -25155 -29256 -71210 -72814 91508 24388 -27105 17009 4367 -78448 37966 -6855 -93698 33846 -38714 -58229 -20347 36858 -65404 -21840 19828 -96502 6474 -68330 69091 -56276 -524 79962 -51344 -89076 -99401 -96981 -441 -42897 10323 27105 -855 -34340 39653 -56716 -10177 5028 -98703 -2264 -81419 -72758 -92182 84495 15336 -59002 8250 69402 -38176 -59130 94320 46368 -28761 28631 -14918 38979 -49496 
-35527 -1655 -61226 46170 -90181 -81985 78205 -9426 -86621 -50944 56225 -17164 -75901 89026 85387 51987 19605 -74507 -29578 -46470 71459 72895 -85316 81394 -46000 -72400 -9432 3664 -94492 80609 -12035 98663 9231 -92243 16371 -15530 -90402 -79572 -92866 73018 -86303 8678 10579 38649 -66397 99602 48415 48764 -37825 63672 -12500 95113 -33236 4279 12698 -75872 -34039 -44390 -59421 17640 88245 35886 -22166 -15286 86870 -34027 54395 95005 -48686 79724 58631 -29646 -43479 -61826 75426 44421 -11831 -5618 -12087 45770 80880 -12124 -46207 40793 67298 -11871 52857 -22669 -17088 -29710 5437 12803 -21233 -25878 7939 50102 -71485 -17241 -92934 -7100 
58475 -1672 99508 -22637 24968 -99709 -33053 -13075 10397 -31879 76533 17160 99925 -2720 -88749 -36725 -74486 -276 69102 90277 -60384 -54359 -85114 54387 -92008 30457 58362 -48254 24097 -30870 68418 -96231 92391 29255 -92865 38298 20793 72435 -33841 -73248 -74833 -13136 -56653 35854 -12580 5894 -73684 -99363 -88571 -84855 86525 -88555 98863 -75579 33729 -80242 27130 -85110 69634 -65411 84805 -34620 -93859 10019 10636 34551 -39726 53883 -87062 -53826 -17140 -27071 -85704 84877 67098 -92443 93756 26895 -51292 -59114 91815 -28371 -88130 73799 -46458 9103 82520 56746 -85605 3888 -37948 97731 -29460 -50937 -97062 -79691 45578 -94216 -59950 -90135 
