20 30
-61943 44172 98117 28868 48311 39051 10221 8323 -61993 -32799 -71489 -96136 65335 28227 41380 50823 -50991 42303 -37754 -31935 -64928 92911 -42324 -37147 7912 -71547 22770 -6748 79709 45090 
28922 -6467 22143 -92577 32181 25799 -93879 -78898 17687 -22475 -53785 51866 -53497 24493 -86245 -30020 -14948 -6548 73584 -62158 35443 -65088 11331 72572 -59988 -7787 -50397 97658 -39018 -57187 
-68773 -80122 -47698 85361 71314 41742 -22864 784 -33943 -57286 -59525 37070 46263 87340 42876 26620 -34486 -38820 55041 68183 -36722 -27700 -32385 -7016 71484 -59972 52668 -63455 58703 -63426 
83049 64990 46610 -95579 89929 -56307 4030 -88947 75789 -39322 -19234 20709 -76396 -89221 -57574 -72902 65418 68990 75343 21778 -84887 41834 -9595 44076 -77954 -35638 54462 -27810 -55315 52053 
98897 -55666 14149 -89010 -1350 69017 59542 88176 -66603 89355 28870 19174 55278 -85193 43242 85125 -82064 89913 -82044 6257 -40938 67364 26842 -26383 -32031 -76190 -14911 -43564 -78056 -77805 
5367 79137 -88109 98923 40824 -50881 62949 -12389 84410 -89824 -55387 28358 -72164 -40318 -6864 83484 -75477 79639 -39415 79514 -37307 39287 37592 -58216 -79182 -80420 58483 24507 -25150 94107 
51426 6766 60119 -78442 -29517 -68693 73338 -45283 20874 18921 96529 84677 -3912 47792 -4598 78707 77508 89587 81791 18264 -84603 -44933 -86903 -35771 76397 77744 -3854 24378 -30725 -85855 
-37744 -38108 34601 -97480 -16266 13140 43971 -12776 -79491 -21731 -33508 44833 80265 10584 4031 12558 -65569 14098 -26353 -72103 72118 40226 62268 52076 62529 15713 12750 -98715 56717 38342 
76647 -1346 39142 97387 78777 79535 -9387 43100 -14470 91120 -8677 -46436 -57956 66445 -20764 -36106 69704 97917 20494 87311 62046 92005 34385 42732 -41575 -66936 76544 -91703 -37235 -33233 
45705 -484 -38241 27680 -70056 19201 -29411 72146 -24903 69903 -57791 37225 67647 25207 -60358 -80839 46334 -7980 -79266 -51772 41684 9516 -47660 -99600 -96448 -15131 -31613 37570 -72029 34237 
83358 -64625 -53975 -25092 -16053 -11379 -47587 28477 81156 50987 50869 21583 25658 18526 -82128 -61139 -95789 -94008 21016 42227 97797 -41654 -63544 -65584 78760 -82479 49333 28450 98995 -66214 
-80640 61904 -5896 69270 39888 18651 -77750 -14360 98325 -55242 78181 98007 40524 -21472 6822 -69643 -31989 -13716 35876 -11785 87655 -34965 17525 73712 79209 -45710 -56914 45832 -8795 66614 
59330 -48640 43336 -69537 41665 -83322 49945 55022 -95044 -841 33187 -26791 -43911 26164 19656 -24662 29702 -58899 -60225 -57325 33944 -59691 -23697 78791 90452 -4038 45545 -78996 -74819 13946 
-75436 54907 -73312 -72714 -64057 -83153 47729 -38503 36869 -40970 -69752 -593 10383 -10689 92223 -72478 38335 33262 -62046 -70906 -6178 11048 47415 64077 27365 72033 -47569 -94852 58828 77528 
-18087 -68905 22190 71088 -22895 -17885 30824 81630 26662 -3125 21936 -79330 27654 79742 18961 -52739 -17316 -594 13557 -69125 11669 88685 29674 57432 -25739 -20135 60438 -26570 31758 -94800 
-85631 -79513 43945 67217 3224 -69198 -94401 -41969 41975 51456 -29424 36999 51239 43206 17136 -5391 -47861 99382 39782 -38420 29792 63971 32075 27421 -86161 -3113 -19384 29732 -32833 8084 
-20957 -54787 -84021 -11752 90079 -99363 -127 52286 85280 -57288 -48459 -87662 64117 -4888 -20957 27173 94216 -29378 77203 -81499 -39364 10119 -12451 -88459 -91863 72155 57687 -17468 55176 -3717 
-36638 -67713 19591 63941 -45335 -17132 62110 -47648 71908 -54264 -48119 -79353 16424 17635 85170 62452 -68837 36926 -75034 -82044 95209 -14116 -42585 87624 37195 -54259 -35984 -70008 44024 -13413 
38937 -40105 -22398 -53943 51391 17256 -44487 14688 -22480 -93015 -34637 97881 92893 -30360 -6113 63190 17647 -6386 -61865 -72120 87343 -59188 -90511 -85026 -16366 -20302 -24860 49052 -24392 -30462 
-25579 -71431 84307 17429 -30460 87022 17440 -38195 92450 -52135 62158 39925 20930 79061 10525 36103 -10619 -17707 -61766 42818 94004 -24090 -58020 -59219 -22883 -48682 -72914 -50585 51372 23852 
