20 50
-55721 97577 24551 45312 -13519 -78987 31611 -26868 58750 -17279 27256 3380 55211 -7682 45716 -47431 -14582 -59683 18508 54872 53035 90521 69069 -11780 62570 62843 86897 96483 7443 20092 22928 -55041 -14489 76366 91119 82517 -56230 73489 52038 -79675 -30367 50333 -54565 -38992 -23205 21615 -16385 72276 -74182 24829 
31695 44525 -10903 -32892 -69437 -26603 -69596 -78447 -14470 -41596 31004 90324 96586 5286 -26685 -43292 81154 -18826 -61541 -25514 -81988 -53046 -69520 59877 96456 55616 43761 -36872 55172 30954 -5305 40481 -10678 19276 60882 44678 28175 -63380 79700 -58162 64446 27110 73435 7415 -35179 67727 -76737 -90367 -25131 859 
-76237 -57816 -40449 -11700 60948 54647 45600 -20778 99715 -13193 -63237 43905 -20867 28785 51869 -87370 84807 -2132 -18026 -35639 -97258 -77239 -70751 -30993 -53954 82259 82391 -45767 9337 -49912 21500 21687 -9922 57868 96653 -34153 -96288 92887 -22829 -8077 33421 78043 -98971 78431 76330 26004 -66957 51653 -12565 -54817 
846 -5930 10411 -94194 -65327 -72597 -9227 94963 4609 35368 78657 40750 -62941 -14392 -31771 -40632 83326 65927 99435 -38250 65229 18704 6543 86903 -91434 59829 -2081 -1281 15480 97025 89262 -79133 20412 78126 -87888 4291 96998 87875 -9305 35136 82901 -32072 -8122 -33737 81767 13834 87223 -91894 -25082 28644 
-74832 14616 -71692 -69801 90496 18819 -62233 92251 23302 87130 -22282 -26372 84246 -77492 57173 -35259 7777 18868 16021 -58867 13138 -7231 -93883 -14416 31423 93882 99227 -49802 6600 32077 64321 29643 -80127 -35156 35351 18869 49786 89235 11823 -45888 50679 -37955 80163 22173 -33845 -15368 -43078 89582 53062 -38493 
-90673 74185 -87439 -90292 3514 -88652 63408 34197 84684 -72686 30537 49868 -53480 23309 15851 6222 -1643 16436 12858 95771 28323 -73492 30749 -46200 6718 -92156 -84175 22689 -24968 -24739 -98184 11067 -45804 26667 -40086 30756 39314 -49803 -17877 52970 -90104 -29408 -70707 -91486 -61725 75439 -60792 -59624 79434 -87163 
-41745 -81103 68667 -43004 -17230 -44492 -87955 7781 39864 -94723 56576 86420 13012 57214 70175 -94794 -37739 56638 50624 -86582 -54103 76183 -50418 35998 -69902 11165 -83547 24671 -21 54754 -58963 -47305 -94307 39851 -41924 -73516 30180 25133 38849 6628 -55556 -87035 -40666 21975 -45127 53444 97998 20661 57966 -59104 
72700 -78795 -51033 55668 89185 -60365 16128 52507 -36186 7626 -78212 66718 -9614 11997 -7674 93294 66270 -78007 14424 -84665 79968 72187 18210 50145 57892 51140 -81174 10485 -29416 -15870 -88593 -90193 -32592 -6848 53646 -70614 72121 -88563 90192 -39821 71367 -21600 50140 -92587 359 64025 37340 -39421 75865 22937 
66849 99110 21411 -99552 -54786 -27494 66865 99355 74855 95848 -25019 -36283 30942 21736 -23694 98791 -29326 -6046 53542 -82453 25738 98797 32963 -56655 -36605 11811 -44891 -87074 59997 53009 87851 72053 -36620 96873 -2433 8363 -13550 -25958 73642 25040 32754 -97257 6425 60277 83123 -9340 -74162 99274 21672 8198 
-98381 21442 -49681 50052 -40384 35085 -64364 -23046 -36036 -45848 38853 -30670 59211 26945 -41322 30135 -57209 -90017 -40174 78546 -88655 -49134 52774 -83015 19390 -71470 50390 -47913 78655 29082 -90880 53906 18252 19266 46752 -41919 -48331 77995 34850 75375 -68715 -12456 34760 -5452 -9058 57675 2315 -60270 46656 -55133 
19907 4374 15842 -27838 -86577 -81542 3526 11227 6901 -27259 -86399 -92621 48063 41811 -26491 12081 84753 97217 -96052 -61652 92423 -18759 52567 4384 29780 11391 -6842 -51732 10913 -80100 -42378 -22246 -45769 49869 -79521 30313 42975 42765 -52580 -92492 43790 93430 -46792 93832 21435 -44659 -7216 -143 97027 -54126 
-20839 -68047 -65269 -37681 -53060 59510 7082 -10780 -20240 -67339 54655 18322 -84381 -11904 -39018 9925 -56717 -69538 29630 -80166 -54730 22067 -1017 15104 10141 40680 -84174 -43116 -20318 75087 -64467 44239 -55788 84005 37602 -28848 6121 -21936 81723 32152 33696 69261 -98833 53867 -53179 -36899 63425 51178 -21835 7130 
55470 64080 -70975 -18625 64941 2377 62678 -27459 -29199 -19844 58319 -74210 -37631 -60677 89061 -15324 -19629 -80228 61061 -95713 -75220 -50359 -63674 70503 34759 71410 -83138 -80801 -82213 -74855 -8319 -84858 70383 27637 67856 -61085 -50992 75068 46262 -88122 19482 -55765 54626 92223 23036 -85740 -4498 30044 -66347 -5625 
-30695 11478 18262 -73985 -23342 -80277 1208 -64194 -6853 -20351 3614 83123 -98509 -51137 -40105 38484 66038 11809 -59044 -92837 -81687 42322 79106 50146 81202 75259 -81176 -30574 18485 -32349 -34181 38884 78884 -16489 30719 53657 -66595 44382 75923 -3916 -85313 69448 -93736 -30013 -74974 -60186 -89955 33262 -38475 74555 
-34967 76300 42438 99874 90594 -92172 3993 -11050 96554 -75000 -29919 -5052 76431 99381 28711 13491 -68151 -27246 96087 89071 6949 87604 -94496 -26073 12613 -85931 16920 94037 65803 80662 37576 64337 12013 -49923 81545 67952 -10681 42908 -33682 -58958 -63250 27704 57906 -97516 59800 -33327 24132 -81047 80478 -90116 
-2402 -55752 -48327 -95844 -32523 95349 -45207 -85117 -38303 -71437 14035 86853 66944 48862 -75429 47725 66112 -29517 58464 -86677 52780 -4892 -93478 -10813 -92839 7323 4529 73220 67036 82039 -83680 -83264 62538 39216 -78238 -71734 85817 -30811 -7371 -12937 -7872 49207 18666 81073 -36918 87383 -47751 -32701 76185 34678 
-21460 -59938 -97713 79583 38275 -18731 93469 20310 -6686 12324 -65562 91574 51757 94487 24091 -12325 85656 65543 -98360 -80900 -18990 -35159 -49614 -77230 45287 26241 9254 -16576 -29716 -63559 68672 -24743 36856 99701 64284 -80667 -55531 13859 -41215 4034 -17187 -31248 53230 65082 -82294 -22019 -60414 -63243 -16805 95438 
56920 8367 -80592 17475 -57663 -59730 73806 -61694 -61697 -75745 -52786 -3385 -38887 74017 -16307 -37561 -72261 60270 21822 91810 -12959 -58494 46250 79830 53284 -81616 -92661 -97926 8396 -88029 47201 26376 99740 -34406 -25463 22741 80261 -32091 -66987 -11046 79784 -74836 46726 -8133 -49036 -7946 -48571 2909 29219 -63982 
-4414 -54990 -13190 -13290 21650 -21738 -36696 -16750 -46328 49871 94472 40767 8490 -60946 26812 -56034 9176 37854 -22636 8581 -81361 -97987 -51551 39981 -4014 34306 25482 -89670 75804 -79883 -51408 66043 82544 -735 -83061 -28816 98311 -76886 -3605 -50862 -79621 59537 92128 99680 4722 -82624 78315 38879 28239 95090 
97216 3888 34755 -62154 -87162 67456 4134 39340 -43908 18211 34355 2848 27407 -19897 -93206 2152 -71568 -5438 -14121 -47894 -64594 29093 -42975 20510 61259 59669 48547 -90478 51088 86011 -85204 66099 73731 38482 12504 25254 -28834 -718 71355 12656 -71826 -33177 -33453 58671 22941 -36592 87097 84434 -58843 -17605 
