10 30
-14802 46499 54671 90331 -46879 -22445 -9935 91957 97774 6946 -36563 32674 -25345 -49214 -56304 -5867 -8659 82736 77397 10700 -44279 -28947 -38784 -27440 8668 78741 24076 76230 -55603 70208 
18099 -14061 18930 -83353 82930 -98350 4040 37907 16735 24275 68676 44398 41536 24403 84028 77228 98794 32680 63983 35698 -6775 25395 45401 -81163 78851 -91523 -49172 -42136 12904 86686 
29931 44622 64076 -2512 23184 -63414 28675 -49601 42916 49567 97848 -50691 -5283 92139 89078 35801 82935 -4384 51269 59638 5212 -94536 -11026 -97547 25602 42530 20934 -71146 -51727 -61996 
20655 -45933 -97366 64199 37770 6010 15041 -81177 -59260 -15973 8091 -77793 15788 2327 -53641 -6016 -87476 35190 28961 -82212 -63977 -75670 48779 5552 -32823 -5426 25133 -17331 96546 -28848 
-68201 29280 -54524 58851 -7016 -45932 -93333 -34170 -15701 -11566 59614 62066 -28301 64880 89097 48186 28832 34838 -1979 -64761 -26593 52036 34019 -3537 -80846 17426 59436 28401 58199 59900 
-4448 35588 91679 57443 -35612 -71680 -19209 -91569 73628 -15087 3250 -20686 -94585 -98468 35970 -57228 -87517 69102 13325 94997 38022 65869 -11139 16764 92651 17851 36218 -65272 59359 -23002 
5739 64187 -57947 96789 23337 -70491 90431 66096 -93161 60912 -30334 -50301 9028 -72658 44802 -78372 -39837 58395 -3166 -97682 25948 -71737 38359 -41886 -88175 30029 24410 -52759 -71863 88665 
60929 19579 26074 89132 -43862 73543 -19876 -35762 -71029 50673 35309 -16246 69370 -2578 86668 9900 50899 46534 67726 -90110 10399 64085 26473 80524 50634 11319 31818 -59205 -23965 16303 
-59307 12319 -61582 64633 16421 -22871 11619 -65335 12940 -99272 5116 90166 -99319 92349 39188 -48559 -78142 -4857 96460 61705 20252 -96907 -71880 21639 -71237 64205 48927 -74962 26878 -76314 
22287 19359 -73038 -94473 20080 84590 -86915 28961 -7348 -41717 68457 33180 -44273 43721 -13287 -39424 -47940 9916 87294 22214 -66107 -69848 89235 -8568 65977 66488 4847 27405 59345 -78910 
