20 50
-72422 -22637 -30493 -90267 -2404 54594 -15308 -98414 41694 -85524 24432 46583 -71224 -32366 -64184 91603 69974 83392 -97291 31012 91547 60575 97404 -54143 -71712 49081 -50276 44854 22639 60116 -23953 -23221 -71044 48345 -42546 31595 91611 -30793 -67071 -62429 10458 99841 -78389 -28139 -22448 -40357 -9298 39708 -88243 -54011 
-32725 67125 -2056 -56736 -83848 -26103 20979 -20284 -89974 -26422 8238 10480 53756 71798 78705 15819 12869 39961 -48424 92828 -75558 54992 45299 -20921 43864 21731 13580 59996 -10011 -58750 -40778 67738 47762 -80918 17612 -17869 18431 88144 53323 85535 11925 68443 59347 73912 41152 -67201 90932 -60068 -5965 33941 
64492 92141 -51286 -29116 60743 10004 44922 -52319 -9753 12781 -66807 95065 -62788 -24232 31329 -61999 68923 -29579 10892 -22962 40930 -13170 -70199 -56714 -53950 33212 40937 88246 -87001 68930 -17618 91291 77898 74297 16337 65957 -70263 84045 9376 63281 -78170 -9109 74747 60655 -1914 -18336 23911 -89476 -67957 83994 
45440 56667 7176 -28458 3878 -2055 80897 -33432 -9270 66109 -65000 56037 -14968 55025 -29351 -78202 -69527 -45908 38949 85806 88632 -50936 -75705 45325 -42926 -19335 96017 -52451 81153 -12342 9938 -69140 -64633 -54342 68082 63121 -89145 52860 20660 79293 -17033 -19247 -71041 -15733 -16686 74778 35869 48679 56421 63572 
68186 68977 3469 54443 -11852 -83053 34469 72708 -64467 27127 -44023 20177 87213 -23831 -80386 30277 -79321 -67513 78265 4184 -4537 -57610 78089 28322 -12114 -46979 18417 76362 36931 91028 59104 -18594 24653 -32200 18366 26820 -3649 17857 55047 -64840 8432 -17521 86398 -92791 3771 54881 87459 36550 -57401 -88987 
-79451 -1544 8415 -15849 -82328 -8534 -34400 82046 -34241 83589 3541 48100 51308 96788 66153 14164 -80747 -14011 55309 -93976 -67622 -28149 90534 38877 -62345 77673 -73044 -31261 -62926 -69870 29494 -55245 94545 33896 -75331 27337 -54543 54334 -83279 -3838 -65896 -19233 -51044 -67075 -98505 -92165 16200 40950 52770 82522 
-3867 -84592 84055 46576 -45785 -36555 -71734 -6997 -46794 -30389 29674 42258 -58092 -10609 -22547 -26215 11119 52720 -78021 -92437 -62320 2081 15835 -5515 42645 22689 72966 -44736 83933 87571 15654 -11846 35852 -9394 6989 94860 -33613 -48206 43909 47542 -45712 -59547 -20167 -57088 1508 -54332 26933 34334 5264 -20476 
53625 -61543 -6134 -37056 16914 6228 59934 2868 78718 -11119 -68995 88561 -3448 60051 -68966 51393 7964 -79207 45989 -51053 17255 87871 14699 33937 7242 53714 16835 -98389 -97751 72486 -82683 -84542 6695 60204 -54875 58641 -14986 98103 -3995 -27606 -91136 44957 99492 -44825 -30575 -66239 15405 3248 -76008 68671 
78261 44522 67049 20827 -39901 34471 46445 26909 -54800 -78376 -53815 -75184 -41786 5546 31655 -43545 8417 -35135 53209 41330 64825 -95871 -79475 -19320 63203 16961 -32422 -93856 -577 -74274 10398 -36714 48086 25922 7909 62545 -1827 94660 -89988 -59006 62145 -31887 63431 -363 35118 -78821 -70249 -6280 -81862 82459 
-31473 -65910 95051 -93345 -18336 94443 86440 93808 -87086 36374 27706 44009 66610 29529 83981 -96449 18681 -94838 -9789 -4595 -58245 60034 -39305 45365 69398 -65089 -70891 61744 -16832 -76355 31923 92282 73340 -68561 16148 18703 53504 71550 77016 34679 -55356 81103 -60231 -31071 -10285 -22707 11825 -6361 56343 -3368 
-55022 -61615 -9014 51704 83713 40839 18934 31686 32986 77078 555 -39771 90732 -93014 -25244 -65118 -8931 -55611 22643 -35797 -16226 -42575 97743 73541 78502 -23542 84310 40467 43010 30941 32836 -37567 -95392 15399 14713 -76724 30749 71881 -93727 68398 -89459 -97975 21524 -75947 45266 -4760 30619 -81304 10968 17138 
30570 -76542 9928 46644 32930 51998 -65311 -99888 -9106 12015 -87789 20306 29381 -26204 -57391 79058 -15321 -18280 17419 15695 71650 36725 66821 50628 -51136 39396 87223 24255 -9786 -10106 6711 68168 39935 54684 -10058 66120 45665 -61109 -76212 -79621 -22290 83059 7053 -58874 -49224 59103 -84936 10887 84823 -64865 
-36299 -94361 50503 -49344 -39210 87096 43619 2346 68150 55278 12543 59226 -14480 4702 43270 -51596 -42541 46693 23570 66926 -26748 -66450 -3504 -60340 -15314 20557 -9244 71725 -29818 43110 -30431 44628 52086 91232 60619 -57842 81581 1620 -72254 -81491 -25034 29101 -57010 97517 8453 69890 -55459 17235 47366 -13023 
-65606 68801 -31554 63087 35411 -67017 -54183 -16847 52225 23209 25534 -4346 59282 -14113 62937 -65768 32150 20662 88287 -83591 33841 -97713 55370 72178 59396 -80803 -99756 23341 33712 -99557 -81188 71217 -91503 -65492 -82204 63096 -10676 -27373 30979 19586 -5649 -7197 -3976 40929 -50854 13225 12880 68175 15828 -29436 
-70584 -41682 26311 55905 -73485 90135 38339 -37508 37892 25124 13430 -33360 78563 -87941 47167 -21896 -21432 65277 -2036 85887 -22497 39082 -57922 -8606 -99470 39796 -19626 -2864 70567 -35139 18786 -57320 -50301 -1906 74114 53418 53958 -54335 -6371 9546 -25518 -81574 -11867 43898 -34694 -66180 13752 19754 21828 75381 
90843 74056 -56237 -44425 47777 10353 64936 75959 44657 -57467 -18398 1126 -96921 -60158 18812 -23932 -86386 23862 -27946 -45512 92530 64420 67134 -43594 -24006 -17058 -83159 -77948 -79044 22174 -41634 94998 36113 -66939 -48395 -40346 -13454 64548 -49886 -48420 47729 -163 -46346 90954 64930 -50436 -35899 27260 62929 -61644 
38919 25721 34511 -84788 16921 15732 14404 -77849 90944 12587 91171 -57591 87682 95750 33617 78215 -57334 -96766 -13584 91917 -51319 82830 -51366 -40436 -25965 -80115 27647 -38630 -21975 -25365 64061 -9145 -36858 73772 62798 -68202 61831 56898 22548 96850 86345 94247 -92499 31724 60894 -18290 51253 -77834 60622 -30640 
-40516 -10058 -89736 61199 -20464 73305 -93584 -41382 57453 21980 13191 41922 94206 22276 -12744 -66574 -57049 -56328 4836 -67753 -67076 -86941 -50431 -30353 90194 -94854 -68765 48945 -61083 20611 -24258 -16341 17841 26140 -13593 98352 18514 -93371 42632 71298 -16439 -24564 52380 49014 -47813 -76055 80049 -44939 18336 -4132 
3311 22131 -53573 -96794 -36489 2280 45480 -56790 -31990 39193 66881 38222 -19573 79926 -50578 -44561 -36375 -21142 -72723 27033 -62588 -76614 -77907 -31077 56095 -42272 -30953 721 -18337 99611 6741 82064 -24146 57402 75773 -13552 85593 43178 93075 50489 50346 -54047 79954 44099 -88588 -64440 -35709 78139 -94600 -32173 
-49153 95820 -99473 13802 61935 -50869 68868 -5423 -70646 -81425 -51134 87405 -40339 -93638 32241 -20017 -44566 -80499 46173 56866 -4567 1071 22144 54837 98919 -19072 15900 -82771 39333 -39112 87273 33465 -64081 8491 95465 -82680 -11251 -3101 19754 -95615 -79860 -68410 -2669 -14180 45794 97257 -70766 27013 79192 -40445 
