20 50
43986 99760 -84610 -90419 -15187 -45053 -62156 -89649 -33728 -11486 -32345 -99968 50095 51616 -17787 -8673 -38807 6530 -96532 36723 -9910 -74343 -75190 -47670 -48784 -48584 10172 -6848 -8991 63972 -20492 44469 29190 71293 48398 52786 58156 88716 -7120 18687 63454 -37829 -20565 -78945 -17419 74431 70648 12286 10162 53278 
28964 43343 71616 27027 -55398 47927 33504 -27539 4877 -63094 -6742 33684 17958 52498 64762 -19233 69133 82056 76203 -8820 82419 63044 -85939 52143 -67296 -10082 24309 -98732 97911 90531 -97705 61497 -36001 -78502 -60293 62138 -24397 -69406 -59649 -2425 57345 -83229 -68233 40565 78604 57749 24194 -88036 7466 19315 
-60950 -47345 18202 19468 -78624 15992 -94340 -5950 95856 -57791 -24413 -8064 74816 -57163 26805 28845 22971 30940 -59689 -9526 -6736 -50861 -59011 61706 -88885 40731 49681 45344 -17799 -20020 99992 -7735 1358 -74692 14103 30613 51394 91046 -32728 89519 -15902 -7313 95323 -20156 68424 -17384 40873 26958 26127 -41462 
86865 -98456 -26845 87062 -82555 -27408 71921 92384 94577 49825 -63829 38540 -72523 -93706 -45054 24351 156 -95993 5705 -9784 94945 -39980 -70739 -86766 27753 75816 45578 -2165 -8783 93522 -86250 72285 58647 -25558 -34131 38545 95981 -41731 90665 -79846 35260 -89954 -33863 96292 32654 -79847 -61658 2764 -87446 66902 
59656 -80240 -79540 -30749 -80311 -4430 48241 -93354 46896 42543 30953 2988 -65543 27379 73663 18253 52804 -12323 65634 5731 -96564 -94392 -92710 86912 -24345 -8813 99710 66522 50450 -17933 25133 -39522 -89208 -11378 -90618 72707 85312 -82435 23776 -56667 -43641 -4442 -57687 -49360 -10268 83860 37018 -53500 -20734 -85539 
-30857 -77974 38607 -80301 37340 76699 -74779 65287 39621 18095 66297 -86788 74468 38592 75310 94327 32074 14317 31416 91695 85723 5047 -98738 26282 -38835 74262 -72071 11339 -94582 -33691 -76196 -18862 28145 42270 66062 -30976 -26511 15340 -11057 97427 13428 47632 63729 72165 61768 49397 -64388 4871 -30390 91344 
-13540 -86336 -56812 -75198 56526 6543 -16101 -7151 -91464 83571 49681 -201 31752 53706 -4523 -68997 88111 88105 11553 -89204 -18434 -95673 -52040 -96897 80735 88162 67585 36946 36579 -81692 63296 21898 27097 -76829 -69424 -11907 -50718 94509 -82151 80382 27500 91895 53483 53364 43928 -8640 74710 -34088 78112 -44139 
31869 24184 -50407 -64999 91741 -17874 28072 -26370 -47826 -3352 -16902 -73925 -40446 -80900 24849 98380 2535 4296 -99589 65078 -56498 -72960 -69446 37307 -78138 -96582 91936 24702 -74807 -77283 -82639 56930 74043 -54005 48087 25355 -74913 78706 -72689 22056 78401 -73185 50011 86028 -41298 -26195 -31957 -23948 -65052 -33797 
11762 41332 -79226 -67157 -72110 -94106 -30311 -89216 -37542 8802 21899 -638 69389 74940 -97571 11073 -30105 -6577 28511 -10035 83306 64369 -43894 -84209 98373 14832 64284 81444 -41611 61972 -43168 -22783 31232 23035 47894 -64641 -8116 -72040 -65502 -18347 -26645 81247 -32010 2850 -43941 -83473 72994 87994 -92787 -93415 
-31545 -17232 7994 20404 50368 27395 48150 93108 53414 91465 -78392 66024 -37359 -46774 66381 -90518 -65984 3092 -7689 -77937 -52528 93202 -30971 -33361 -80697 -43506 -19825 87835 -77196 20459 4350 -60645 22538 94540 -14839 19640 -97821 -63237 73932 -81377 9642 -81034 72236 -36467 46819 -43202 43987 11736 -77244 -79172 
-10356 1669 24254 99085 26869 -52718 -42153 -51379 53737 -70063 18199 7854 -98090 72828 -49831 -66152 62958 -60969 -57631 21860 14368 -35966 71088 -24929 -65002 -83293 97504 -3528 73952 -13129 -28885 -54323 -87868 -54263 -69649 27088 57233 -96539 95694 -44492 -20398 21211 -71452 -65676 71564 -41837 47169 -9315 -27895 -34837 
40060 26868 19478 -68482 3835 -89315 -81866 -72036 -71884 22694 -71935 19038 -80070 -58892 6070 -38625 52173 -39016 -73917 -10228 72554 76646 58871 62951 14334 16106 -92859 -54692 51160 66029 10453 55473 55776 -39597 49131 11933 -23609 81632 -73575 66111 -17010 -51625 -80078 -30437 50918 -6280 -93562 66493 -69066 -59833 
-61868 26986 -88202 46644 50904 -23919 31863 62725 -22963 84023 13709 18635 -37721 -54752 15039 -98421 -56321 10256 1619 29272 -7408 -88179 -22721 75686 -1199 -5667 72662 47743 95363 -77816 85853 -73779 84785 12617 17672 -57885 60662 -11672 22316 -80103 -48579 25768 71535 10668 -64990 28886 48328 77527 -11396 85008 
81634 86509 48458 36055 -93644 -50544 64090 81457 -17952 -15317 -68719 60313 -61640 88954 -26870 52941 -45025 1694 69970 -10151 77469 -34863 -76800 -28424 -18766 60342 2057 -33785 -19749 -17273 -81154 22795 56928 4524 52016 -47177 -38345 -76825 -70032 -85829 76736 -32520 62637 23097 18056 4907 35636 -41819 -15484 -52356 
-70091 39991 56558 -53787 49297 46452 -98796 7285 -73158 6210 47225 85437 -46176 -21460 57944 33678 -88423 31574 -10880 38099 -68160 38357 78655 96269 31025 99245 98255 70220 6826 74416 31030 -96236 46182 1483 -14055 -49101 94194 90493 -70195 -45318 -15318 64652 -45809 -7003 -93272 78714 -9438 -13878 -33759 -45807 
-67684 -50690 76621 -54833 -93162 -73455 -99733 -45031 77634 -72300 -64695 41950 45631 61583 3689 -83717 2897 -68935 88909 381 -92720 -76951 -74007 -17887 -56451 -30940 86650 87191 -22044 -28690 -8217 -69577 -33748 -57679 78900 -38585 -21391 2376 75227 -50359 57761 -43591 6315 96411 -80559 80070 -43807 -88866 33936 82826 
19012 67483 -74204 31120 -48587 40421 -73208 -40793 -61568 -49236 9166 51467 -63461 45126 -11999 -81557 12304 -44574 91877 15147 56982 38882 -89427 48232 -9123 52599 -46244 -81609 -22111 -21002 20069 3106 16696 40957 73618 -52377 -98902 95111 -54194 55023 -74890 -26224 -10237 -86225 48877 15783 -75407 8222 6198 43746 
27643 -11023 35484 90073 39362 60040 57026 -1251 -20539 99394 74384 82819 -94077 82036 -74561 -77144 99685 -67790 39171 -21496 48530 55074 31883 -23505 -88074 -28018 -66392 -5924 -76247 -43377 94368 -12732 -68762 48322 -9310 97093 -61877 36592 90979 75715 -68344 -31676 4169 15648 -85411 -24515 -71043 -93086 2565 80947 
-75693 -64627 19777 8858 -72465 -48491 -83298 -21085 99131 -81315 -88422 88014 19192 -38474 54425 18789 5412 42467 9408 -53794 5223 23680 -15890 41986 17985 84342 49073 -89757 -75380 69904 -48797 -18109 -14130 96496 -31780 64990 65884 95127 -20723 -31471 71115 4940 17408 6754 9676 816 -67972 -77769 45504 96365 
-83252 -72334 -15519 34407 16381 64434 18618 -10033 -70668 -69944 42671 -13859 -53221 -86042 7120 -74864 87150 47 78182 70925 44027 35971 25706 -83249 38401 -60483 4812 -96917 36344 -110 -12470 95837 80882 18201 -51313 33322 -88832 82374 -84755 45900 17386 -28117 -69836 89889 81569 -1417 41799 -50328 48192 31131 
