20 50
60024 -78292 -6503 -31145 -50189 37705 40344 73337 -78681 -60417 85993 88375 57879 35820 -34875 -63518 43833 44440 -52999 23867 5061 -551 15571 21266 -98371 -79009 -19481 55254 -53300 -80040 38443 -86004 76990 48826 12718 82211 -84610 12796 54806 -539 -37277 -40534 5911 6892 64174 -12489 47800 58744 70892 66578 
14474 -87867 9927 14144 7557 -70724 -30366 -42407 -75084 -22931 -46194 10964 91773 -8843 97582 -48996 -99199 2510 34340 14127 18664 -76910 38794 -85630 -16302 11289 -93278 -10141 -60098 -43271 -52937 53810 10537 -10820 -66813 55983 -1961 -65236 -28232 37317 -8986 -58675 99237 -35032 -79375 -23596 -46909 33954 -39326 14452 
61958 44960 92882 77305 46607 24583 51940 90372 -77211 99164 -10638 -18787 -946 89937 -87639 -56991 -3327 37289 -98491 -20544 54091 59082 25594 77332 70482 35586 -31218 -60382 24559 -4533 486 71676 -31365 -25924 -76539 9894 -19972 -20719 -12968 78244 -43533 93687 -51365 93835 -45055 74079 -70144 -35999 -2238 -7947 
-69237 -83954 -31248 40869 -45010 -94086 18470 57457 -82199 -92658 30808 -60252 -37360 43774 36059 -81572 -56519 87431 27940 -25815 -31443 15752 -44310 -81873 -35062 32140 -20897 -61572 -12086 -82958 -14627 -81604 -3786 -96703 -96702 -82236 73198 8645 66518 -41810 83991 57666 -81569 1516 -52643 88096 22810 27916 81006 -2744 
48044 50157 -7705 -17388 -39709 -60114 29799 -20805 -75357 -73635 2011 -96298 59052 25579 63307 -87772 -68155 -16815 -16130 26240 -6773 75643 -73513 86394 522 36739 -20062 89127 72229 -62081 -67275 -79292 88698 -10074 80093 -55630 95799 15350 80207 -11566 7444 46494 -73729 -17391 90360 -58797 3093 49421 -52412 31879 
-62081 -24535 -19302 9289 7490 67436 -42311 45898 -76834 21159 -9032 75944 -38507 -58481 -6067 16190 17183 59512 57008 -27393 -48630 -55854 97368 -39711 40263 62465 69777 -10951 -64077 -53179 -26927 -68111 -50542 -59330 -35358 -70370 70088 49142 -49503 88685 -49992 -75551 -77652 -34341 -74035 60331 -32102 -92358 90496 -61410 
20687 -67244 95555 88142 -71575 19257 20120 -38453 -81402 53407 49726 -31751 32697 -85623 -81185 8152 132 -22238 24919 66257 85301 -46520 -45890 97710 -30959 51642 47929 -71686 68309 -74193 -54644 -5173 50126 -58655 -22436 -88085 -18580 -65644 -47298 73926 -83122 4760 38634 64149 -17812 -8002 -50910 -68510 84570 37644 
-11140 43128 91421 77637 -74963 20262 15849 -25720 -46872 8891 97214 62896 93476 -66058 -70412 -37837 -16259 -57949 44927 -33142 53048 -90952 73334 43827 -38181 -6391 -23790 84686 27703 -68076 -57060 1170 -44058 98520 -53025 3444 -57288 41590 23816 92462 40419 24268 44495 -86647 54419 -82451 -86467 88902 38753 -7417 
-54861 -16418 69577 -85573 -25008 30602 -19569 -98160 90039 -43212 6085 -56195 17882 -4256 -92661 95831 -71817 34542 6144 77132 -4175 15367 32848 69022 70214 -12561 -26649 -14437 6583 -4444 -97296 -97322 -63260 64209 4912 -61065 -43445 84263 32065 6473 -83659 17889 -52000 29365 -36790 -97829 81639 45194 -4655 -91196 
-71288 61555 69971 -28491 -95206 56385 -49713 -41045 -5143 70308 -22586 17647 62326 95067 -15101 64182 -65999 -69924 -8825 -48661 -68005 -28413 -93090 -18545 23123 -94063 40608 -17237 -84952 46187 36656 -61851 -15170 94739 7308 41241 -80237 97526 35886 -22497 -54650 85260 92114 93644 -52906 -38669 -3541 43925 -84723 -10937 
-69761 73128 -1574 98887 -88426 99933 52794 44432 -87276 -36370 71574 -33025 89440 -82322 17416 89702 75849 69900 70795 -23237 -79798 -53586 -81491 77041 -83260 88436 -4747 75936 -56293 -4489 -89195 -65938 -52859 85966 -98130 -52998 64439 41857 -9496 63601 -2624 50694 -73641 -70819 -54633 77008 10975 30715 -69788 -71481 
93757 -13339 48675 -59011 -15641 -8630 -29158 -49232 -73110 -55372 -70608 -85306 5591 74489 -2354 74100 76340 53436 -51608 33793 60405 30174 -67576 74007 -51532 -13083 -66590 -97837 94140 40064 38796 27813 -6275 -81530 -54585 1796 87354 -12814 -18106 76339 -19497 96211 30471 -26219 92713 -22070 27247 -91086 -39321 -22418 
-6808 68328 30997 -33573 -4117 2223 98651 -64820 26813 -19736 93623 -20906 -19977 29899 -55916 50625 5389 -71388 14393 -33932 12170 83029 -96378 15525 -80778 21248 31399 83853 3887 19412 87327 30120 43778 -25437 -46146 23658 -4861 5177 -17155 84423 -8262 -38423 -75874 51263 -26541 -99811 66699 -23458 84946 42392 
20856 -89142 21017 62192 30056 65174 -41535 -99151 53406 -43867 -37454 -70009 -62458 87766 32575 50850 -70534 71743 76420 39314 -48971 -71771 5022 88506 48609 65393 -18876 42035 54619 32888 19663 -15046 61416 -86431 -92301 -28228 25764 95769 87598 10651 12856 -4894 78147 -81757 -2335 -13806 -58987 66986 -79955 -6072 
13195 -18895 -40016 99104 -33026 67907 15301 -52738 15976 -17730 31515 97935 -77897 319 84188 7570 39314 32031 -8380 -65545 12727 39534 -71042 -42986 -33431 34325 -96337 60409 -33452 -41146 -10496 -1473 -33850 -7224 -15819 -73053 -94116 -15863 -98611 84948 61634 -23894 98137 -6660 -66438 5356 80726 43192 22625 77717 
-51765 99093 5885 66361 13857 -67344 -70614 42118 -87099 -61957 2371 -81349 38133 -89141 -54200 92620 -52215 -13338 -29247 -32000 -81136 -77401 -65822 67011 -53205 60612 79380 -81467 -25853 -10302 37764 51573 75682 7971 -1870 -21177 -64231 61023 -72944 8796 -14334 26637 -83849 24249 -93808 -11510 54577 -73885 1211 67796 
-62222 -18281 -37343 95765 10741 71901 -76394 92486 -96721 8930 27771 -58635 -63887 -57105 47944 -48685 -18757 6380 28912 -67890 -28884 -42859 -20034 41567 -13250 -56313 55537 43595 -12742 -15619 74348 78241 81834 -78613 -27124 91174 -9861 -96803 -74816 52147 -80347 1971 -92284 -32643 75606 -87665 -52258 92581 -5689 17473 
-80883 -7184 -33913 -55157 59449 -79534 2610 20591 52045 -23488 13985 -91993 40452 -75191 44440 -73330 -60813 29552 3876 -70248 -18916 88982 -75924 -14783 49014 91854 -20117 56429 -77402 -96128 -77498 -64992 -18464 21915 88507 -70817 -14591 -48842 -49794 56999 90816 -18203 85299 4162 69047 55008 20327 99868 63702 48698 
26170 -3794 74965 -83809 26556 46430 -32759 90038 -66098 69816 -13115 -75391 -95260 94359 -44512 -94058 47891 -59841 -888 68384 88824 28721 64698 93708 -39559 -57292 50290 -59320 8425 76419 9721 -29742 41831 11201 -94723 -41731 -14314 -36318 23311 -76448 36162 5170 10933 52865 16395 83453 -8506 -53052 1710 -57575 
45933 95826 -122 -7605 -68974 -37926 -85456 97242 -62369 97279 -37114 -27418 -26033 39008 -67706 17658 -38594 -97331 85582 68650 1216 5364 38993 32806 73550 -20917 -39878 -43957 -70470 -29232 84281 -14211 46433 -89098 -32700 99242 35540 -61450 449 -25839 60321 -63548 -58382 -52311 -17477 -56319 -6457 38866 -82687 67652 
