10 30
-82398 99591 -79050 -3596 -71991 94036 -33703 46415 11483 475 -42624 39065 -26350 22710 -34504 -80048 -22484 -35276 -7539 -62023 36097 60498 -10605 68647 85133 -1342 6939 91783 -60383 6528 
81107 31705 -66751 99080 18952 -29240 -20821 36798 98802 -16381 -38569 18246 -58016 68262 49034 -5515 -62823 32850 90568 -3214 43974 -30331 47950 -16714 259 -51882 -67920 30191 61541 73840 
-85285 40099 73799 -87819 -35450 26045 39254 -55538 87923 8264 26451 33639 -56553 -14673 58078 93911 12690 -54895 2851 -96174 65055 86138 -24662 -68267 -30841 58695 36114 -13279 -47619 18841 
51899 62044 68555 -60353 -6178 80301 31518 -15834 -79184 -22845 25566 -83830 -30330 -67124 93634 -94852 -58384 -71281 -31505 64642 96892 -33544 79742 32505 69207 38255 -32704 7155 -83160 82562 
18285 64358 -86590 83737 -79174 47781 -98202 77283 50696 -71810 -59205 -23862 75465 -76708 -2614 -15475 -23995 -11529 41858 -3359 6993 64122 48271 -25814 31086 63833 -54860 5322 -91119 32501 
53739 99755 40656 -15026 62142 29407 1441 42230 273 -36344 -80980 -34734 -58889 -98557 2374 -17142 83243 5478 12329 -73374 -78411 1248 88285 85310 -86478 -51833 -5760 -13865 45959 -61661 
22477 -40761 58475 52195 67962 -96200 -27301 -72156 -39767 -40126 89794 11536 81859 83218 -35539 -15061 11811 32718 12479 13420 73358 77248 -1070 -87252 -62467 10847 -4858 -97461 83035 10485 
49892 -16464 -66615 7842 -58890 15947 -48484 82764 84030 94788 -39570 -70165 -28328 -19092 -77558 69763 32519 -96780 -7586 -17829 44418 -54502 23885 93980 38111 -94069 76300 83693 76339 -12304 
96325 53707 83798 96767 65313 -51850 -44805 49407 93726 -46573 15119 -90268 59578 3518 28652 -52981 64653 20838 -93776 -35040 -95923 36547 49514 -22163 15951 38582 -6071 88472 -53042 -76177 
87609 -60161 -81268 -82451 -75180 20307 76633 -90202 43739 69753 41626 -94940 -87834 18212 -61388 79640 -5535 -82473 -34790 -62827 -93672 -60209 55914 -91414 -71004 -26425 77092 -33904 -41374 -72431 
