10 100
87437 34068 -68990 48665 -78698 -72743 -71528 -90588 83098 77374 -80093 -2167 58587 30310 68115 9283 -34768 -19989 -1817 47971 6050 81231 -44807 -89742 -14685 87889 85753 -12995 87472 -65741 60997 40939 -67367 49439 -61456 16428 12921 -87393 -48034 61968 -76951 -42992 59509 14594 -72146 81487 -38046 -2901 -33927 -42087 36973 38480 12311 28747 54956 44709 22066 9218 2753 20405 76858 -25436 31490 68639 63661 -69892 -85835 -80346 -59146 -33227 57566 -30704 -73596 -42064 49946 -63387 94607 -21134 -34288 -42921 63424 -54560 -99015 79962 8559 52585 83704 -37997 -39281 66340 -14639 -85405 -65112 79362 -23497 -3393 -37781 -44685 -99871 89800 
42369 59049 -55023 93954 81477 -76819 -73724 96987 -80953 -19824 -83973 57791 -3266 -76999 -25332 5468 -68147 94717 -32895 47723 43613 55713 21551 -4822 41531 96825 -17615 -34973 48548 -66580 -44166 63156 20202 -69105 68037 -74455 -12183 670 7196 -23071 84650 26995 -49243 -64499 -29264 -4794 -50741 94141 94304 -46196 40356 34571 -91330 28800 -58031 -49208 -97324 -60272 8713 61069 70295 4653 -92250 -68968 -2116 73425 75391 27795 -57100 44996 88197 -9394 -51601 -28234 -29792 -27697 79745 -70476 -11274 20939 -68612 41966 92577 78568 -46849 -49617 -19370 -53573 46659 11142 68402 10128 -92893 -6831 -80139 4094 -15575 -98560 -91367 94411 
-16654 -35095 -8207 -23339 76343 49145 92637 26786 -30609 34840 72196 91086 65505 -95478 -68827 -88554 80352 -81271 83087 -44989 -76811 99181 -7824 88807 -96730 33606 66831 47085 -94512 34010 -35746 37380 21599 -58812 90092 83177 -53353 18362 -66609 -62717 -11548 -66981 -68417 -44186 -78282 24433 -41092 -225 -90952 49489 98475 45108 -95731 7327 5013 -91085 28031 -15629 -71157 61701 11535 -18094 -86641 8105 -22271 587 94837 -18447 19724 -90196 42212 35836 77 -12413 -63879 -2598 9755 -50920 -77569 -23504 -57563 -32455 -1774 54686 -34869 -98800 15210 26640 -60305 -48813 -74925 97523 36393 -23534 54841 -48271 -89537 -87532 -54167 -35921 
63651 49504 47801 -61278 -46017 -73473 -68375 -97272 -50331 55317 16486 -18645 -99557 16842 -49778 77633 -56445 22123 -23179 90201 -24620 -88000 39269 3348 -40635 63048 -45363 49266 55910 29186 -42760 75381 43805 31423 62231 8764 -90068 3779 7643 65424 1519 74841 21416 -11522 59188 63203 50344 -91277 -22821 -70103 -78154 -61261 -65246 -96519 -95030 47250 -2524 74136 -3409 -21714 25660 66399 -42531 34072 -12168 66608 -42430 37043 41741 -14613 -75503 -67093 88986 5079 81995 -90575 -504 -86289 -50774 -72370 76872 -93580 -47537 87607 72545 75122 77859 -26633 63097 -70863 95265 23290 -16529 -98157 -14602 -8971 -9927 -48990 -56508 41980 
-36951 96602 31094 35728 48786 -25040 -63421 -30898 -77436 -12782 61855 85272 3147 24609 -35067 -70906 34367 8937 -71441 -30096 -83134 38549 -33620 -26143 -62610 92860 36341 23855 -83787 -25609 61619 55890 -41880 -27015 -19093 13559 -66486 -28251 76052 -10649 -62402 7871 -48929 48425 -55068 -65668 -50517 -22094 -17193 -24667 50436 -77304 -57164 -41159 -14481 -62979 72220 18102 99998 68285 31227 9922 -90348 -67999 -94411 -40845 60163 -54232 -90926 28240 -2876 -20617 69942 -21035 -63935 29411 -32956 66690 -61713 -12475 -29761 37517 14769 78307 75628 -93153 -97303 -68064 20555 -12253 -94359 16668 -69805 -17008 -20664 -53745 46633 -75160 48964 -91376 
-33381 -12416 -36266 -47630 81185 -82502 -42773 -92379 7281 66694 88996 -52368 -98659 -9954 -77791 -96816 -24752 -58451 -11401 -36619 -3208 -73972 36875 -18712 -75802 -34254 -35461 57216 -66612 -57552 -33140 -97809 -2285 -96923 39678 21596 1669 -85900 9395 -9125 -50100 89721 -98609 -53872 48812 75016 28582 42494 37367 6766 -33782 8614 38708 89367 -24443 11799 54291 42882 -50966 41604 -93819 -46384 -88001 -57215 -32459 -62076 -76037 90993 -29050 6780 51317 -29272 12070 32629 -36406 -28163 -82062 53706 -17792 23133 -27716 -51802 -36346 -62383 -36614 45106 -54375 -95510 -29308 21243 88856 -94139 -45381 89547 32485 -58016 -75021 18969 -33503 66558 
-83523 68314 -88778 -40348 -49160 -52220 32755 83619 -37308 3597 -91899 -37288 83405 -1001 -99748 53541 -54140 27795 -4095 -48438 71831 71739 -35531 87422 92344 37866 40446 23677 -87192 -12982 -11020 71901 -56465 3349 -89115 14055 -60801 -4848 21512 -48821 -55354 42610 36127 67694 75051 -30777 512 -71159 64763 -78158 44205 -26933 13099 -75781 92893 46099 -87650 49651 -29400 60982 -82561 -1901 -49053 -12940 -3525 38477 31243 23872 97396 -5621 -48770 76054 -75041 70749 29821 -65529 -28299 12491 -81322 -30055 78928 -91801 9871 -92078 -61317 66088 -72559 -24644 -14243 30322 -1690 3110 -31826 13056 87097 34304 -95763 39735 33168 29005 
38037 -72770 -18173 21529 75122 -99801 -37844 6860 -42695 34510 -12857 -82028 -91489 -44021 21218 75022 -53552 8954 9170 -22022 -20863 -93565 -98369 54674 3092 74873 -97553 -46711 53890 99793 -43527 -17117 11743 -37151 38237 18328 -46489 -885 72143 -91816 -31448 68885 -21961 79428 -98632 -52969 20157 -80380 99660 31227 4547 -53181 61961 93947 9840 92326 -48495 12439 3701 -56956 -15115 -16234 -606 -89644 -13554 -40590 -49959 -2767 -37827 -74914 21078 -19160 6523 -9334 -58418 81534 30382 71014 52341 58167 -73189 76515 75526 -23552 -73919 -93723 -53783 85476 -27449 56489 -98934 -94501 28281 28649 -2559 55552 -61042 -27681 20250 83333 
-59943 38180 -99978 45890 -5185 21980 -75250 -36832 49964 -17784 55830 -98972 -95598 5623 -9885 -84541 82328 77521 -88320 -49850 28302 62631 -11380 77695 -74532 96171 97124 -49884 -24996 -75256 49152 16262 -65276 -32654 33452 -54262 -96029 7550 1271 81084 -20793 -24213 55991 -12358 -74678 -69789 74966 -21746 64408 -87304 -31800 4383 19103 -48780 -43394 11029 16445 42277 67321 50200 -7222 58449 15633 34800 36286 -49690 3743 -76047 -54787 -81522 -31740 86834 -41581 98377 47664 -27931 86523 3950 -1052 -38926 34351 64523 29054 -45157 43502 32015 43636 -79130 46265 -69788 71855 92912 -29191 52655 16822 73152 37374 -2096 -80904 -83789 
-22226 -89577 -66289 81613 -93002 34573 -48479 5087 -28238 66012 41421 -169 68782 22113 -89685 40866 15289 65763 -16772 87166 -10884 -14918 -36429 10113 -20898 -69858 70807 51871 53151 36560 36436 80240 -36867 -66472 29046 -39581 80856 -49334 -32927 37262 71770 -60830 95231 -34886 86201 -25279 11678 -42108 -19401 -90108 72258 35269 60877 7510 -96344 -53244 63863 8729 30293 79088 70831 60180 90595 40192 92289 95300 -32758 99033 -29157 79617 8095 -62945 -41855 -43714 -77131 78273 2021 56947 -82108 31192 45921 61339 -14991 -95644 -72272 80832 26484 96775 38209 -26082 -21347 69099 -59621 29211 -67059 -62131 -37982 -45830 97009 96609 
