20 50
-37946 -21938 71796 14501 78201 -46846 -83762 -14643 37177 -58216 65421 -11818 -64600 23006 80246 -82433 -23691 75794 -24972 -16269 27995 62269 -85134 53999 -57889 -67406 -68972 -61693 -65792 70279 65443 16395 70669 -72086 -10233 42408 44320 51059 -52949 -21794 22469 -76325 98477 -82294 -4062 71202 -32627 -66442 -18522 47553 
-43825 56242 -9521 -36974 86966 33704 -42892 59022 66237 -83632 -32584 98790 71346 -99434 -24891 -24418 -26119 99305 -58437 5708 -61642 -26539 22282 12783 -95305 27378 94891 -98648 -68389 -66187 -48729 9152 28592 -54425 -10375 73363 4911 74908 79765 -98307 -30984 -56923 92926 43617 -25753 45868 2949 64242 -67961 15443 
-33397 26384 50917 98680 -12933 75221 -66641 -96329 7573 25293 88762 86659 40942 -70529 93300 -61486 -62729 1845 -33655 31603 -19305 -18786 -41532 42658 2341 -4194 -95230 22572 64359 -79256 -7139 67044 -76087 90167 42996 99961 -34228 -13183 -8872 -33079 -36938 -53637 -52764 -78459 -66569 9352 30633 35653 -56852 1137 
-17974 -4524 -76222 32930 -30736 -87340 51849 -15156 69647 -81748 35996 -63353 -70768 -3865 -14660 -60135 33197 52333 -7108 -66142 -41633 1133 4610 20455 24534 11468 -33958 -72393 6310 -13927 -486 -96821 -94750 53669 -85991 94224 4332 -52969 88305 17309 -86604 -54516 -93025 43639 -83940 93386 80458 -45280 28762 -51736 
-64288 5101 43325 46306 67222 10588 -26894 55991 60237 49768 -89998 95622 -18602 3657 -24403 -85077 -5244 84198 -7615 7286 -39407 -56474 -70516 -56957 73378 58092 55893 -69405 -97054 21132 -97537 95240 -33654 77439 -94576 74652 95978 69143 26617 -94259 -18726 82050 25340 -93924 -93253 -39413 33908 -30063 -91951 -3718 
-84174 91327 16070 4621 80226 93689 91170 39337 -32992 -89517 -19376 -96001 -79591 -79620 86556 13824 22638 -44475 -34785 98051 -47312 56889 71281 -74190 39317 -51507 12835 47154 -92176 -25884 76955 47253 -39303 -30068 12462 -20273 81955 -78649 69581 -23498 43049 88329 78762 -12251 68087 -69208 91499 -59684 40129 75453 
-96046 -95170 74440 -43593 12913 -31858 40209 -96195 -95777 81755 -99444 -39284 39749 -4824 -61994 16923 -54741 -73764 -72280 -56703 34064 39802 -4738 -45960 34054 -81310 52302 4271 97658 -72433 50360 65273 14359 8144 -9242 -35282 6920 85860 60340 70656 -40303 -4894 62141 50513 53076 -41162 79890 -86755 -32572 -56133 
11338 -57298 -27153 7626 58076 70386 -3221 -70312 -93320 -23972 4060 -27323 -40865 70780 -52911 -30682 -71042 -43066 49085 1533 96125 83119 4819 79719 16521 38565 54505 -76272 17372 59394 85155 -44230 54695 60753 -70665 -11020 92659 -38338 47143 11293 -70617 -76870 55606 55746 -76974 -93194 -66888 33915 75414 35972 
-32218 97525 52222 93180 -53853 53158 4996 48071 42379 -87776 -78862 -14742 83272 -32133 -74515 54778 35106 87489 92336 78047 88336 27126 35259 10538 -45337 -72280 80236 82812 41464 69292 92711 -37327 -83337 -13991 -3453 -7537 -53109 -52344 49872 92781 97301 75810 93351 88196 -13953 17403 -86838 -86388 -28020 -82661 
23661 -82926 37188 -43022 21076 -71878 98983 56913 -37380 85754 91187 98401 -87596 -32188 -53941 83589 76375 -56299 19718 -38327 -19775 82156 92565 81281 -19170 3338 -26005 92988 30529 -63510 76295 49631 -51928 -27732 -95009 52110 38607 -7081 -87404 95313 88053 55730 83183 -10107 -77014 87529 6950 89531 -85395 88186 
-6581 -33545 33738 57479 -2602 -30661 98768 -69775 27843 -56408 -97205 -43257 64520 49762 -65565 27217 34564 12327 -10304 -87366 30097 -76154 64319 16972 -69067 8408 -72465 -17249 27396 60322 21287 -64337 -9840 -9993 -35995 -31965 -35880 -84309 -57691 -4725 74010 -92047 33062 62361 91166 -71078 29683 67521 76283 -41918 
32160 31941 -40999 -10740 79362 -94912 -85479 42109 -8286 -74746 29398 83271 -15760 76605 -97717 -22255 -41927 -48689 -14364 62564 -39224 59288 28867 -98532 -76806 99673 -22069 36445 -38809 -96408 74273 -10783 66339 -47375 43550 -49863 38038 -97595 54259 79914 21670 -52536 37166 -23537 -11269 -82860 -76932 -64513 -64981 63164 
16821 92950 -90653 -23710 75492 62365 55652 21619 -90074 -51285 -53491 52008 -26320 73135 74223 72161 96742 78993 33150 32466 -10788 -81781 -68235 42144 -85707 81095 30041 44854 -34823 -41857 -40980 42929 -49624 48308 28156 30893 975 91325 19337 1221 35245 -23991 81593 58098 78812 38373 75631 -86294 -22809 -16832 
-3609 -62599 -65017 44281 -86407 -58119 -35094 -31746 -55200 -73142 -23793 77528 3434 -32329 57143 -26139 -55476 62994 15767 28293 -70162 15921 80244 -38842 -64885 52484 -96826 -16804 -76175 75012 -74142 63380 34583 -52183 14713 92004 96426 9640 -57918 46697 81367 -73861 54241 21518 -79331 -97458 4812 -66593 85437 -15045 
-20316 83764 -84390 -3147 47316 -50129 -26531 -22488 -51363 -86532 -88926 4266 91005 -94490 -9775 94298 10217 23538 -20659 -33658 -52494 32401 -3064 92159 48118 47568 -52920 -83870 48892 -66336 -21079 6586 -18843 74289 93096 66988 -83538 -76983 -24003 5604 58885 47237 -83546 4763 -40463 71473 92250 13807 16720 -65796 
-58808 -26952 28374 -60597 -65689 -3706 -79943 -87135 -14980 67315 -94697 -94264 97078 -52231 12540 -29946 -56410 84889 -61826 25863 -42440 11186 -90048 16062 -30841 -14673 49745 -6785 -62033 -12684 52988 89735 11617 21972 79671 45143 91642 13347 72894 -24825 -29803 -16961 -31147 -83969 -57888 46740 1129 -54469 -22309 81115 
69540 39369 -41777 -13055 40899 57799 -65202 81345 39655 94890 15457 -41060 65965 -85366 95479 60070 -47497 -82976 -41025 87793 92659 -72519 76759 36975 58221 -455 90849 55792 -52244 30100 -84240 2097 -63557 99941 -53263 42864 -8565 -87931 15795 78951 97462 -97349 -96548 52490 54818 1189 76702 -13148 -23485 6201 
31996 77570 234 -37877 -25026 -86298 -38388 69241 -36462 -17678 -81327 46399 74983 -82685 92746 46678 70240 71565 8096 58120 81094 -4503 -12275 33648 56226 -75099 87074 97429 59017 19724 -63982 -47153 -15598 96359 -23952 -53543 43805 -56645 -26540 68192 63942 42262 -25039 -85429 93570 -99187 -52151 -39892 30761 -4156 
-19680 -64181 -88111 78263 -62235 -70961 -67124 36351 96610 -94026 28816 -63664 21990 -12989 -32852 -8270 -80995 15398 44104 40231 -59133 -35266 57663 79832 -17147 7668 57889 50390 -4433 -68847 -66240 -29411 45900 6011 -33499 -16451 88496 53235 92447 -37080 -97016 29442 -77689 44266 89891 40873 -97927 80222 -1766 -48997 
39346 -53305 38128 -46489 69199 40966 6825 -60763 -48347 -66239 -36954 -66798 -41201 18230 -11273 -82501 -44888 -30499 -4986 31943 442 17521 35178 -25875 -18228 -92393 83832 83804 24225 36808 -58503 -66761 46774 3794 2333 96873 -47621 -87353 -56580 -84853 71420 -96389 -76637 73733 -67421 28004 -46554 19382 -58141 -59042 
