20 30
-92280 -92065 -92743 -55281 64340 61144 -18889 77779 98583 22341 83442 7182 -16579 -77884 -70726 -87318 -63765 -56194 46943 -88439 -78636 16971 54874 -76983 -76737 -90204 -34357 -96940 -11268 -12918 
79337 73716 -3864 -66672 -53637 44464 93942 34656 -7124 -41652 43935 -61431 -49657 -37312 89479 81027 -93340 24675 -97924 -52590 -11556 -5188 -75121 53761 27112 -31331 81735 -57212 31851 -68304 
-45061 10794 -20788 4821 -64130 31613 -82211 -2964 -97314 -49711 -76358 -53748 90404 69227 -4263 92987 63790 76476 36493 -23477 -99919 -10545 31705 29079 6542 -38014 49828 -95337 97629 65979 
-88672 75928 62994 -89434 -652 -61906 48973 1091 10715 -52619 -22894 98162 43858 -58413 10383 -48381 -53895 85089 84092 12659 -16524 -76286 60813 52751 -94002 -11508 -71507 -50209 -22945 96081 
-50923 -4089 -40944 86825 78534 -4164 57953 -9676 -69599 91254 -31628 -26525 -1003 25737 -88605 37274 -61084 30181 -40266 -4393 -3933 27794 -96427 29984 -56778 69329 7297 -31495 -62461 46707 
24956 -51161 -75633 47687 37123 17444 29409 -21847 27764 -61007 74002 55054 -88924 89872 -59121 -6632 51183 25940 -14342 9190 64596 81064 -23656 -77356 -27671 29302 -40907 55066 42317 -14236 
95 -67546 72088 -27182 -72956 52382 73955 -72620 28664 86774 92894 77461 59715 -77281 -97412 -69668 22142 21705 88610 -53944 -22800 10946 95421 12320 -31557 18192 -17067 -29301 -73845 73485 
48276 -89931 42394 57864 43015 63181 35652 -56582 -49261 -86522 47329 54542 -5499 -89645 -75831 -85506 -20118 38607 34293 64375 26020 46327 -22904 86961 -96332 -11233 -85554 41180 57333 -26579 
37490 -80749 58008 97650 42244 81352 26318 -93367 -90761 -41965 23952 6091 -55038 15244 88376 -3150 -369 28432 -44004 -65028 13751 -43064 -16479 -62225 -15374 -34742 -38253 65085 96048 13114 
-70166 -76551 -95442 71932 91381 -83417 23839 -4563 -31512 -4123 40791 67118 -42961 -90532 -19112 34469 -34857 -18067 -13251 -61595 67735 85935 -59450 14913 -47248 -93314 69988 29113 -72678 -94319 
-75733 -87726 -95175 9373 35809 70880 65020 -32451 59350 -35007 80082 55972 23953 38098 78446 -83164 98359 -58436 86753 86899 -78796 -7605 -69210 -30806 47949 73644 -79513 -98526 -46277 86464 
64296 31382 71444 -60679 -5142 -9065 64792 -14548 -67186 43158 46498 -62812 18230 -25788 -98669 -65206 43167 37949 -42461 49171 88587 35032 -30992 93679 -33677 -19137 -67386 18279 -94093 94200 
83627 12756 -67813 -864 99544 -76823 23188 -96198 5158 70526 43829 -36049 -89934 -95457 58354 1478 -15860 -16704 25259 -63426 31217 32862 45950 -39849 79539 8946 66886 28972 -53376 35609 
20829 -84826 -90942 747 -81838 89269 -96943 -6049 -45773 76515 -48957 42330 26110 -11221 -14331 96152 69503 71269 86814 -68529 68858 -83806 -15928 -40189 97126 -2749 -22399 43770 -11826 35650 
-49228 -29889 87765 -63276 -98734 -99655 61575 -82980 -54601 -29721 61221 -92318 -69454 12001 16916 -38123 99584 -28469 69959 -80199 86684 -39521 58706 -30009 50049 -5468 78519 -81839 -83198 -48589 
80025 -10124 -32003 -4566 22206 54920 60768 8844 -30043 79715 94754 -76037 30840 -26909 -40048 -29180 8283 -28786 -89154 38092 -71762 84123 -4907 -59380 -29017 -16821 -83256 74784 -22593 51030 
-88577 79773 33848 -574 -29624 12410 -44948 39423 56163 15855 60990 -9670 -58612 80712 -4492 11528 -25141 22859 -90458 38643 -50863 80539 -30497 61338 -4805 73094 -64441 -93706 -6308 -40565 
63979 78659 63581 -76696 -32367 34498 -90024 57626 -63888 -44492 93055 74501 81336 -50653 -8918 -38437 -50380 90213 39070 -32089 -93146 -38059 -17848 81857 34031 -97029 72603 40893 97488 -80662 
-77921 87940 -28355 71304 66186 -59658 -80363 66927 -6369 -25668 -7245 24413 4976 -20967 -84768 12252 51150 11153 68904 89940 -46117 -99424 -34144 95724 -35175 43866 -25201 -55826 -93921 7223 
64929 53940 -5060 -30044 88531 -84624 86267 63862 -4382 92802 50630 32715 16570 52311 -13654 -30466 70225 -27074 17647 -50806 -84163 49309 -9323 79415 -59726 17835 -58227 -36133 34395 -31203 
